ForVIC/C++/clim_ex_China/dem10km.txt
ncols         485
nrows         405
xllcorner     -2638000
yllcorner     1870000
cellsize      10000
NODATA_value  -9999
[rows 280 to 319 of 405, columns 267 to 355 of 485]
390 387 360 381 459 337 442 340 362 332 389 265 357 335 345 538 739 744 880 618 900 1096 1497 1337 1039 628 830 850 571 764 812 965 745 689 1281 1119 704 658 566 644 959 741 792 682 479 510 536 596 660 787 533 604 389 338 290 249 261 135 91 176 79 80 92 35 29 28 28 27 26 25 24 22 20 20 33 76 51 76 170 237 280 336 331 344 459 393 324 183 218
397 389 345 383 400 419 363 307 368 321 313 289 385 413 402 644 851 763 729 714 784 703 748 770 751 661 590 582 897 1102 1323 809 733 883 1349 888 737 708 579 890 814 589 661 637 509 592 609 464 524 595 439 242 391 704 342 113 106 84 78 84 65 109 47 32 29 28 28 25 24 24 26 20 21 22 45 54 56 68 144 210 276 391 791 421 236 227 186 283 200
352 320 373 446 378 348 349 295 333 272 283 331 414 493 511 703 762 696 698 921 765 1324 879 707 656 976 741 710 915 902 710 778 878 938 1135 841 637 498 719 843 787 619 618 635 502 607 464 519 337 329 371 356 578 530 332 290 168 74 70 72 58 59 30 29 28 27 27 27 25 26 26 21 22 22 42 58 73 122 255 358 268 495 496 296 211 257 370 381 248
300 386 367 400 418 312 347 286 291 287 290 427 509 677 623 727 745 703 831 1312 1366 1559 1171 1128 715 1255 839 692 659 735 787 869 838 823 973 797 513 556 591 786 586 589 546 661 492 616 449 496 371 346 474 618 595 452 339 353 195 123 71 47 40 29 29 29 26 24 24 37 27 27 26 25 24 27 52 69 68 143 256 211 310 450 354 185 363 516 473 388 265
323 330 356 378 355 308 323 273 313 297 280 393 537 655 640 718 724 831 971 1256 1021 1267 1292 1227 801 1093 701 927 562 833 750 821 940 925 1003 611 483 533 586 648 552 606 443 427 514 533 539 509 835 821 650 487 400 399 328 284 141 92 78 52 43 40 32 31 29 27 20 31 27 23 22 23 21 28 38 53 57 186 168 144 292 319 352 151 327 576 393 454 453
304 350 359 349 284 284 263 277 374 359 577 323 411 545 519 658 865 1461 1461 993 958 943 1047 889 881 945 897 867 653 960 777 1042 1161 1145 880 495 468 599 640 483 551 517 464 526 529 674 886 660 686 572 462 402 339 269 474 141 96 98 71 74 76 66 45 34 30 28 29 29 21 22 22 21 24 43 52 57 105 148 124 137 158 244 168 180 391 436 401 535 394
298 316 325 334 296 314 321 552 541 391 626 658 615 504 458 539 1249 1275 1283 874 1065 883 859 840 1053 1027 1038 958 558 601 905 1011 1035 956 839 475 443 731 552 454 661 470 441 462 505 702 600 811 552 501 368 301 287 229 251 129 112 127 62 83 82 82 69 63 50 70 61 35 29 25 24 25 27 51 71 99 100 217 161 177 102 142 221 463 450 460 555 446 400
301 319 313 303 310 309 389 496 689 530 666 949 696 568 664 928 1492 1248 1176 838 935 926 796 1072 1304 1021 1027 737 761 618 946 733 891 852 830 486 446 462 399 537 507 440 395 446 439 496 582 588 452 477 271 394 223 314 362 291 193 107 96 138 157 115 140 116 112 106 65 42 36 28 25 26 34 53 182 163 93 119 131 254 131 303 714 459 380 560 511 488 584
306 362 391 342 318 340 640 584 769 756 658 931 654 521 749 903 831 1095 1218 884 712 1143 935 1072 1057 807 693 980 858 731 1020 658 734 856 981 564 476 536 631 706 423 419 423 521 513 598 631 492 330 412 271 210 248 444 395 208 259 251 331 394 246 191 141 114 104 65 81 67 56 38 28 29 46 85 238 104 90 103 214 151 309 734 383 206 449 911 554 626 414
377 382 559 350 416 459 553 826 871 1000 979 979 903 589 718 838 1118 1279 1258 893 750 894 1009 1228 865 759 1165 908 687 756 577 704 629 964 635 487 576 768 472 380 402 561 500 632 518 561 390 248 274 239 294 266 355 352 332 498 579 507 467 329 223 141 102 137 175 93 123 96 113 50 45 36 37 64 124 71 69 115 103 104 465 335 134 216 397 392 486 467 285
388 511 535 345 618 828 846 783 1018 1101 1263 1222 1018 776 827 1022 1207 1203 1315 901 793 875 1251 880 760 815 1144 994 834 753 540 688 789 885 654 456 709 531 488 530 602 616 601 543 528 470 324 250 215 182 330 335 489 645 497 538 398 282 193 231 223 271 196 331 304 284 126 132 128 79 66 44 54 46 57 53 57 83 97 152 336 137 177 218 302 405 364 224 146
440 481 471 466 514 570 937 768 940 1244 1205 1121 1096 1204 982 1325 1540 1256 1020 815 801 1061 962 989 856 947 1098 986 886 584 490 755 835 750 611 404 562 579 596 589 725 817 477 383 422 362 280 333 173 268 361 469 664 673 521 361 303 263 242 233 300 265 412 328 337 354 279 133 116 98 67 69 90 77 50 50 56 65 141 215 202 159 194 354 418 319 181 170 140
448 624 608 702 827 785 897 1187 1181 995 1075 1212 1333 1024 760 1085 1279 998 899 1094 963 1113 1098 1087 879 969 931 652 592 597 839 734 787 709 617 560 522 660 589 828 619 516 332 302 304 276 381 271 205 307 461 702 627 439 363 334 589 766 571 400 459 343 459 571 479 303 235 123 107 106 131 122 113 77 59 56 50 71 201 191 140 178 233 219 282 185 196 370 201
493 461 510 965 1086 979 742 884 1289 1226 1162 1234 1056 1344 1119 1314 1100 933 1206 975 984 1062 1121 951 885 1006 685 666 569 769 923 780 845 972 964 622 583 582 771 887 732 451 281 259 274 326 301 215 311 420 553 712 455 421 322 292 522 926 536 394 423 304 510 635 388 244 176 166 139 127 114 143 95 63 67 99 74 77 85 140 207 174 195 205 285 278 205 260 164
470 1011 1097 1185 1271 1183 602 875 1165 1079 988 899 1174 1324 1235 1343 1147 1294 1198 877 1111 1197 1054 901 949 913 811 793 534 883 893 722 972 997 821 568 574 464 766 851 782 481 330 363 332 414 269 224 539 586 596 466 293 439 357 333 406 362 300 435 410 473 558 557 471 271 162 138 126 131 113 78 77 88 53 94 67 100 103 292 450 177 136 299 330 234 162 143 119
594 670 1202 1158 1453 1096 587 624 788 726 802 1038 1169 955 1082 1234 1296 1176 997 907 1109 1024 1010 949 919 822 917 876 621 775 737 868 949 978 853 586 505 578 771 794 628 472 393 464 362 320 205 218 374 398 408 250 229 426 405 507 250 257 320 447 468 561 543 403 424 253 209 190 189 185 110 91 84 58 53 71 65 135 131 289 348 141 254 322 200 173 148 146 136
695 765 1071 1110 830 673 732 889 874 770 804 908 858 907 1188 1313 1211 1051 1005 912 1028 1003 965 886 772 883 855 854 728 702 780 878 1219 1262 1005 581 629 687 668 641 503 439 402 306 351 253 205 211 238 415 425 207 300 511 591 776 452 335 283 451 553 588 383 244 237 228 223 275 110 140 88 61 56 63 50 69 67 92 100 167 166 189 185 138 218 184 230 339 340
971 1089 1289 1346 1076 928 1003 1198 1006 893 995 1179 906 1099 1320 1100 1147 982 970 1074 1098 963 827 803 728 706 793 780 645 846 882 1077 1617 1164 690 590 560 537 646 592 482 349 291 206 235 209 201 260 426 281 301 261 467 827 782 1020 462 249 244 412 612 410 215 210 195 137 113 221 125 97 83 99 91 65 78 92 60 80 74 104 94 104 138 130 212 348 457 931 551
1264 1282 1371 1234 1317 1215 1125 1074 1187 1038 831 1212 952 1138 1080 1081 963 1035 915 1012 1176 942 836 892 776 758 678 679 598 696 864 973 1466 819 729 531 421 425 551 565 458 396 273 240 295 293 239 334 536 268 415 393 518 1002 1025 666 499 239 214 258 358 224 218 227 213 178 159 162 126 117 145 153 81 89 100 87 76 77 115 113 100 121 195 227 319 389 742 711 421
1213 1169 1273 1135 1079 1004 863 820 890 795 901 1200 1100 1127 1161 972 978 933 836 1063 927 836 939 971 744 660 590 571 523 658 1022 941 879 698 538 444 430 369 456 565 431 272 253 266 319 320 323 431 447 294 663 498 623 942 1052 531 468 466 381 326 263 283 252 211 205 196 156 112 191 226 129 117 96 145 86 93 71 169 246 123 100 144 241 466 695 775 987 444 251
1338 1366 1050 928 953 843 837 905 863 997 1024 1170 1157 1107 999 913 914 831 850 901 944 884 940 931 795 677 609 647 601 821 895 850 662 635 640 582 495 511 644 464 483 535 636 425 367 330 338 575 295 436 724 656 1212 1201 652 684 612 620 628 480 484 362 684 596 261 192 142 106 283 291 181 100 112 147 75 64 91 245 337 189 100 251 521 547 439 532 382 276 385
1438 1320 1109 1250 1134 1101 1077 1145 1086 1078 1110 1136 1027 973 971 917 887 862 846 941 1072 843 916 973 964 722 896 855 692 766 869 965 799 656 698 636 653 698 640 610 566 628 484 329 334 327 607 366 323 456 781 683 1276 1069 523 462 597 397 545 545 566 403 497 488 340 192 155 192 329 236 156 113 245 121 82 97 115 287 176 129 113 264 326 467 370 299 538 436 269
1504 1325 1361 1554 1213 1416 1112 1221 1098 994 968 921 943 914 960 947 966 949 966 1029 1135 898 891 846 859 906 995 887 681 847 978 962 734 635 596 549 636 654 583 453 417 408 310 303 349 366 675 296 348 567 742 755 1159 949 617 513 549 336 367 315 296 302 303 315 266 200 208 275 285 180 179 326 525 123 91 110 172 239 181 114 149 303 426 567 313 428 548 256 150
1659 1507 1599 1652 1365 1616 1460 1458 1148 1112 998 968 886 876 958 961 941 1018 898 1009 838 775 741 795 851 1023 926 929 806 885 843 717 827 786 698 575 417 445 445 478 550 403 309 359 306 393 389 243 355 703 806 1047 671 514 526 429 395 339 302 300 300 300 298 292 295 226 200 211 188 113 134 450 271 96 87 138 172 133 122 100 199 528 600 660 255 314 210 158 154
1590 1554 1537 1675 1555 1767 1561 1428 1283 1178 1239 1006 929 899 861 893 864 953 931 886 782 1012 850 917 754 850 1042 1010 941 852 682 641 615 675 537 470 541 624 577 692 624 394 315 273 264 435 286 341 808 982 712 784 500 362 364 327 318 340 308 302 300 301 306 349 257 244 263 180 121 100 182 184 151 64 88 100 211 118 100 103 353 637 392 286 240 231 235 182 190
1493 1415 1513 1724 1703 1755 1617 1350 1250 1235 1389 1079 967 971 937 911 1012 889 858 881 931 1074 1112 945 839 726 1051 1043 1070 886 886 892 739 541 438 596 714 580 678 609 527 410 302 263 373 403 274 499 935 1003 654 579 322 318 322 313 301 309 309 306 375 347 451 393 282 255 411 252 104 100 119 101 72 80 136 184 239 102 100 107 425 250 177 296 351 334 320 261 528
1544 1507 1527 1625 1618 1644 1521 1328 1155 1177 1149 1040 1078 1009 1194 1054 1057 881 1023 1182 1055 1091 1093 974 859 929 951 898 998 975 808 712 684 518 647 668 702 707 604 467 406 386 427 350 526 375 412 738 793 752 589 416 328 304 319 365 324 313 305 366 339 340 335 266 338 341 237 216 118 100 99 87 75 99 115 182 397 132 100 152 220 151 169 489 655 324 408 575 490
1897 1734 1505 1466 1412 1423 1305 1256 1216 1295 1123 1202 1250 1145 1351 1314 1151 937 1014 1270 1203 1213 1121 919 846 813 771 698 728 685 698 807 713 701 746 778 660 602 519 438 376 461 403 423 499 442 397 783 856 793 672 423 316 314 450 408 362 338 303 369 319 489 235 200 203 258 327 244 115 100 106 105 96 103 101 122 198 116 129 323 351 144 197 456 588 276 337 679 387
1577 1655 1382 1346 1274 1317 1299 1265 1282 1257 1145 1245 1345 1354 1365 1207 1119 1058 1100 1275 1252 1317 1129 859 852 933 834 771 910 920 887 857 734 706 693 763 704 624 549 544 383 459 397 361 562 456 363 797 989 649 501 620 398 415 556 457 387 310 378 546 396 569 277 199 198 222 187 146 140 100 120 101 97 99 100 101 118 210 132 306 170 156 214 347 398 389 792 923 614
1466 1447 1401 1398 1257 1285 1392 1384 1207 1192 1170 1223 1337 1336 1305 1220 1224 1189 1299 1157 1250 1177 1068 937 952 967 927 902 736 670 737 860 853 926 722 623 694 651 658 507 447 439 350 339 464 419 386 618 787 625 666 584 385 416 555 448 349 346 615 506 394 260 204 200 198 283 133 105 127 100 103 101 101 102 99 111 165 347 178 174 158 221 285 592 396 566 1015 963 516
1489 1612 1380 1506 1380 1333 1351 1302 1254 1259 1250 1256 1346 1375 1369 1292 1231 1116 1101 1137 1223 1057 999 907 877 857 804 735 771 767 732 761 921 956 895 711 682 586 521 523 456 439 387 356 494 465 459 588 684 597 687 413 537 414 582 481 473 885 575 598 230 203 187 147 109 228 317 117 100 100 100 111 105 100 105 124 197 291 185 156 176 346 331 352 534 1018 1431 916 408
1772 1751 1666 1690 1421 1379 1366 1389 1265 1258 1324 1332 1278 1295 1225 1151 1224 1278 1185 1290 1156 987 926 927 961 882 759 853 797 805 972 739 766 762 814 894 683 617 483 598 613 549 448 410 565 537 484 420 501 603 662 725 701 480 485 387 765 825 587 591 305 195 121 125 129 143 203 114 105 106 101 116 108 112 103 138 185 217 235 178 237 493 384 600 674 1012 1454 662 483
1782 1960 1888 1738 1490 1527 1415 1360 1299 1354 1366 1310 1290 1219 1117 1219 1441 1305 1115 1308 1198 1036 910 1020 907 784 776 883 914 1181 1108 939 787 1035 799 703 735 615 566 521 733 553 461 492 588 544 470 590 644 531 710 1165 1051 504 360 600 976 506 361 300 247 196 113 169 136 111 102 130 118 108 101 141 107 116 127 135 144 184 190 222 304 702 734 684 642 1191 1297 677 437
1551 1791 1713 1575 1584 1583 1482 1353 1340 1367 1261 1289 1263 1129 1142 1311 1353 1205 1157 1289 1186 1095 965 909 718 803 1009 972 1278 1310 908 716 776 1032 924 748 709 624 504 629 674 542 465 585 573 523 658 918 867 620 858 1272 1034 749 405 1071 1106 355 243 223 189 178 125 188 184 278 204 236 260 162 124 329 135 202 194 178 186 178 188 244 401 678 743 721 926 1251 1326 854 512
1457 1733 1578 1371 1378 1413 1394 1346 1382 1325 1289 1274 1209 1140 1240 1301 1311 1269 1140 1419 1311 1052 966 797 754 935 1069 1020 1518 1181 1015 779 779 809 1018 798 645 580 488 722 549 434 493 483 512 539 849 1197 902 630 884 1406 1277 615 496 1122 756 346 242 218 186 160 122 198 314 571 521 406 522 494 521 337 481 311 294 216 213 173 180 205 551 663 771 1053 1232 1157 1161 810 605
1339 1353 1347 1295 1268 1439 1480 1416 1387 1308 1313 1299 1228 1134 1277 1494 1409 1234 1136 1305 1263 960 973 872 790 954 992 1154 1429 1109 887 841 777 701 868 765 754 603 616 783 754 589 422 447 470 524 1148 1412 1019 758 876 1302 937 510 885 1381 500 431 238 234 200 201 184 245 538 921 904 660 498 699 758 377 670 378 304 162 176 163 155 301 690 542 634 1351 1165 929 1155 944 682
1479 1439 1424 1313 1362 1452 1424 1387 1303 1302 1326 1366 1230 1098 1311 1349 1267 1145 1108 1266 1351 995 967 825 937 928 923 970 1035 1013 834 675 540 763 975 824 761 687 665 589 576 467 523 539 459 809 994 1592 1199 964 1250 1280 868 575 1225 1263 389 632 250 230 204 295 283 276 512 967 930 698 578 461 390 323 501 285 314 245 160 162 160 378 437 464 800 1056 1002 863 1316 957 503
1428 1460 1409 1307 1372 1386 1380 1351 1300 1346 1335 1362 1202 1087 1272 1322 1251 1106 1059 1244 1187 949 879 899 904 750 709 961 1012 712 657 741 616 889 810 692 760 779 587 578 526 672 579 596 529 757 857 1328 929 843 1130 920 683 788 995 442 267 349 424 232 380 532 523 341 482 658 738 465 318 293 313 267 266 215 234 304 233 201 224 603 426 673 1097 860 834 992 1104 672 370
1427 1384 1268 1237 1337 1273 1361 1290 1277 1318 1320 1240 1076 1168 1224 1285 1235 967 1113 1086 1070 933 1095 1039 741 636 669 878 960 587 568 563 642 847 679 552 682 784 757 684 724 650 573 451 573 590 931 1046 949 654 747 1171 744 856 679 251 216 236 525 419 662 684 597 388 494 546 363 409 285 211 227 208 199 197 246 267 235 277 514 793 478 570 755 656 741 827 741 429 383
1387 1445 1216 1102 1214 1229 1413 1298 1258 1251 1302 1114 1058 1230 1201 1255 1191 945 1123 947 1038 921 1123 1100 649 556 712 678 922 772 620 466 645 769 701 479 715 487 651 491 603 507 383 317 437 478 796 715 808 823 1221 930 655 647 303 202 245 283 510 705 800 709 760 525 453 526 411 367 344 264 205 211 231 294 280 334 294 456 939 985 621 552 542 556 674 693 477 420 613
