ForVIC/C++/clim_ex_China/dem10km.txt
ncols         485
nrows         405
xllcorner     -2638000
yllcorner     1870000
cellsize      10000
NODATA_value  -9999
[rows 160 to 199 of 405, columns 89 to 177 of 485]
1202 1204 1201 1194 1176 1173 1177 1170 1162 1183 1162 1146 1103 1100 1100 1099 1091 1067 1045 1001 999 989 962 951 927 900 875 865 857 854 853 857 856 844 845 890 972 1033 1025 1034 1086 1114 1149 1211 1281 1349 1466 1527 1590 1663 1775 1818 1816 1814 1831 1817 1766 1776 1761 1763 1781 1765 1752 1735 1716 1722 1683 1675 1707 1789 1831 1933 2032 1954 1929 1913 1901 1895 1813 1747 1743 1682 1625 1649 1681 1653 1701 1752 1820
1201 1205 1205 1208 1199 1198 1198 1190 1162 1175 1164 1152 1114 1100 1099 1089 1065 1046 1030 1002 998 993 985 968 944 914 895 877 872 900 908 926 936 907 891 945 1066 1170 1256 1378 1390 1390 1416 1499 1577 1638 1718 1817 1962 2125 2293 2317 2244 2155 2203 2159 2005 2009 1990 1996 2005 1973 1972 1899 1871 1855 1783 1760 1862 1959 1935 1966 2085 2199 2187 2177 2213 2304 2132 2046 2012 1907 1775 1747 1735 1764 1862 1904 1927
1203 1200 1203 1198 1200 1199 1198 1189 1176 1172 1158 1140 1103 1100 1094 1073 1057 1036 1035 1029 1011 1009 999 978 959 940 934 918 913 974 1004 1041 1058 1032 1119 1373 1629 1694 1791 1812 1748 1739 1754 1827 1918 1926 2052 2182 2408 2605 3013 3039 2807 2648 2731 2445 2309 2320 2380 2337 2289 2230 2251 2168 2095 2042 1931 1916 1947 2062 2166 2208 2279 2335 2412 2525 2705 2947 2841 2601 2387 2207 2051 2025 2047 2111 2195 2232 2117
1207 1201 1200 1200 1200 1197 1191 1189 1183 1171 1155 1137 1117 1109 1098 1090 1087 1081 1077 1074 1062 1049 1068 1023 1005 1007 1015 1018 1046 1155 1173 1228 1349 1589 2034 2681 3081 2574 2847 2552 2355 2705 2694 2351 2431 2645 3033 3046 2934 2833 3059 3200 3102 2944 3132 2812 2651 2762 2934 2793 2717 2671 2736 2635 2561 2424 2200 2162 2145 2301 2505 2607 2594 2613 2772 2931 3240 3682 3981 3543 2979 2795 2577 2503 2643 2893 2967 2871 2652
1223 1211 1202 1200 1200 1201 1203 1201 1191 1184 1183 1174 1157 1148 1138 1123 1110 1103 1100 1103 1105 1101 1110 1103 1100 1125 1155 1176 1230 1317 1359 1622 2262 2787 3072 3309 3582 2854 3477 3603 3351 3633 3651 3430 3297 3528 3427 3289 3284 3261 3259 3418 3399 3375 3628 3475 3466 3112 3287 3361 3353 3358 3360 3329 3177 2900 2742 2524 2545 2580 2961 3255 3311 3168 3326 3617 3836 4394 4809 4673 3995 3822 3501 3478 3399 3667 3790 3660 3678
1242 1232 1225 1224 1226 1227 1229 1226 1229 1237 1225 1220 1196 1191 1187 1184 1174 1152 1134 1160 1177 1191 1216 1232 1242 1266 1294 1335 1407 1594 1885 2473 2358 2984 3089 3060 3217 3080 3003 3296 3454 3689 3853 3897 3925 3981 3879 3874 3677 3575 3552 3496 3580 3654 3758 3754 3752 3721 3704 3664 3700 3664 3672 3609 3295 3264 3036 3022 3085 3089 3208 3466 3753 3935 4068 4066 4090 4001 4465 4517 4253 3990 3473 3258 3440 3827 3939 3846 3668
1264 1260 1261 1258 1259 1261 1265 1260 1264 1288 1276 1281 1257 1250 1221 1217 1240 1246 1233 1263 1299 1340 1391 1436 1431 1445 1477 1792 2212 2789 2566 2647 2872 2900 2847 3044 3171 3014 3279 3470 3223 3392 3461 3503 3510 3493 3378 3309 3253 3188 3152 3171 3235 3315 3391 3430 3501 3465 3553 3436 3319 3317 3403 3415 3481 3280 3024 3129 3345 3100 2997 2965 3020 3225 3459 3552 3677 3696 4027 4154 3766 3360 3022 2952 3116 3418 3696 3865 3945
1284 1288 1289 1290 1302 1313 1309 1297 1304 1317 1330 1318 1311 1312 1299 1302 1366 1433 1483 1528 1662 1632 1663 1832 1795 2010 2056 2380 2673 3395 3217 2993 3290 3091 2972 3103 3243 3250 3290 3501 3307 3279 3308 3294 3235 3169 3076 3030 3068 3085 3064 3118 3257 3217 3223 3197 3091 3060 3085 3169 3206 3180 3520 3781 3479 3113 2875 2923 3296 3359 3032 2751 2743 2789 2915 2994 3158 3389 3515 3668 3647 3150 2884 2842 2917 3084 3268 3445 3647
1314 1328 1335 1346 1375 1393 1389 1381 1395 1407 1410 1390 1403 1412 1424 1485 1600 1727 1992 2266 2659 2311 2404 2597 2526 2417 2771 3095 2959 3583 3371 3149 3404 3245 3314 3367 3503 3454 3584 3756 3575 3466 3357 3323 3226 3063 2972 3032 3200 3327 3459 3857 4153 3757 3635 3504 3166 3084 2984 2819 3068 3342 3592 3691 3539 3071 2779 2789 3008 3198 2949 2766 2732 2737 2770 2796 2885 2945 2939 3003 3019 2914 2821 2828 2874 2961 3080 3218 3351
1398 1412 1418 1441 1462 1481 1490 1497 1510 1528 1533 1514 1543 1588 1686 1945 2406 2476 2749 3016 3282 2826 3158 3466 3322 2996 2949 3736 3594 3822 3656 3401 3488 3455 3598 3818 3742 3758 4032 4032 3812 3979 3850 3579 3317 3079 2977 3078 3547 4044 4214 4090 4028 3918 3551 3230 2894 2718 2746 2707 2738 2892 3126 3253 3234 2931 2738 2729 2768 2820 2946 2767 2735 2740 2779 2766 2811 2982 3055 2816 2792 2801 2812 2841 2893 2958 3034 3124 3222
1485 1506 1526 1549 1569 1581 1611 1620 1636 1657 1674 1676 1714 1875 2434 3213 3132 3185 3705 3792 3487 3160 3443 4253 3517 3480 3297 3798 3778 4161 3899 3832 3737 3861 4215 4657 4513 4431 4266 4415 4337 4753 5068 4689 4175 3468 3211 3151 3541 3887 3841 3550 3537 3664 3491 3135 2803 2767 2752 2711 2723 2711 2739 2799 2810 2755 2720 2716 2721 2750 2816 2776 2732 2740 2786 2812 2825 2999 3231 3293 3167 2923 2862 2859 2904 2971 3045 3107 3175
1591 1625 1665 1692 1695 1720 1746 1756 1781 1806 1851 1900 2040 2543 3134 4081 3795 3746 4444 3980 3952 4081 3727 5084 4419 3844 3894 4052 4125 4222 4121 3965 3901 4026 4305 4425 4900 4878 4625 4764 4749 4550 4587 4273 4084 4095 3616 3223 3062 3101 3057 3051 3108 3293 3387 3097 2794 2762 2774 2728 2751 2766 2731 2707 2724 2749 2717 2705 2702 2719 2792 2797 2738 2739 2772 2793 2795 2880 3229 3589 3319 3193 3110 2948 2927 2988 3060 3124 3197
1741 1800 1861 1885 1860 1892 1916 1926 1947 1992 2083 2311 2800 3097 3530 4110 4183 4320 4865 4724 4594 4461 4663 5259 4776 4120 3922 3942 4121 4389 4307 4338 4287 4147 4011 3988 4005 3956 3848 3717 3634 3572 3671 3682 3594 3497 3312 3146 3037 2968 2901 2879 2914 3044 3357 3247 2909 2796 2808 2794 2748 2755 2762 2735 2721 2729 2705 2700 2700 2732 2784 2769 2742 2741 2768 2790 2752 2800 3042 3476 3836 3762 3606 3145 2988 3049 3199 3399 3333
1928 2006 2080 2097 2060 2112 2144 2161 2171 2227 2467 2838 3006 3358 3449 3326 3260 3239 3523 3629 3599 3729 4046 4238 4166 4192 4167 4268 4268 4296 4215 4178 4093 3934 3895 3894 3936 3864 3719 3563 3477 3430 3413 3437 3519 3429 3251 3152 3051 2969 2896 2867 2865 2935 3316 3416 3175 2933 2813 2858 2796 2756 2759 2746 2727 2739 2709 2709 2702 2716 2779 2758 2773 2771 2769 2805 2767 2754 2883 3001 3150 3277 3564 3365 3093 3166 3353 3707 3782
2165 2259 2318 2331 2308 2391 2429 2500 2529 2540 2930 3360 3999 4137 3865 3513 3381 3315 3264 3272 3335 3485 3649 4389 4534 4390 4394 4361 4255 4187 4129 4038 4006 4022 4128 4230 4375 4263 3981 3737 3609 3507 3516 3516 3452 3399 3355 3253 3113 3008 2952 2891 2852 2868 3101 3362 3336 3308 3005 2803 2838 2771 2777 2775 2737 2723 2745 2710 2697 2708 2779 2832 2789 2801 2795 2798 2805 2747 2750 2772 2816 2892 3025 3290 3279 3285 3422 3663 4097
2649 2600 2628 2597 2649 2781 2892 3223 3728 3612 4106 4233 4478 4385 4265 4177 3825 3653 3990 3716 3588 3527 3637 4065 4413 4265 4386 4682 4746 4757 4681 4498 4658 4542 4277 4279 4447 4430 4288 4259 4149 3995 3812 3845 3559 3491 3573 3625 3450 3173 3065 2985 2917 2873 2849 2970 3154 3275 3279 2924 2800 2791 2755 2766 2775 2730 2717 2764 2715 2699 2736 2833 2800 2800 2798 2798 2832 2780 2749 2749 2748 2747 2810 3147 3546 3684 3785 3781 4144
3516 3242 3112 3017 3326 3849 4063 4372 5127 4377 4574 4626 4555 4234 4592 4426 4212 4047 4290 4456 4438 3741 3782 3865 4008 4222 4584 4571 4991 5158 5175 4880 4641 4434 4303 4376 4345 4539 4783 4976 4403 4099 4026 3910 3712 3905 4000 4239 4214 3706 3293 3112 2997 2931 2892 2906 3027 3226 3328 3154 2865 2789 2730 2727 2739 2727 2699 2722 2732 2701 2701 2759 2788 2811 2801 2776 2799 2806 2771 2753 2741 2744 2745 2970 3523 3566 3496 3541 3645
3854 4213 4137 3882 4000 4076 4748 4817 5216 5536 5188 4660 4429 4268 4639 4717 4217 4470 4806 4484 4445 4181 4171 4579 4636 4723 5228 4872 5028 5104 4908 4795 4592 4506 4402 4210 4124 4036 4097 4274 4317 4379 4363 3992 3714 3706 4080 4365 4664 4548 3996 3583 3301 3072 3005 3008 3021 3238 3398 3333 3081 2859 2782 2726 2740 2728 2703 2726 2719 2699 2691 2701 2716 2762 2873 2767 2736 2794 2806 2784 2752 2746 2742 2798 3210 3377 3379 3582 3600
4049 4436 4268 4618 4493 4363 4903 4924 4963 5018 4924 4842 4551 4446 4369 4591 4515 4730 4660 4404 4846 4586 4908 4929 5262 5253 5188 5095 5154 5061 5062 5100 4845 4605 4370 4158 3982 3898 3914 3889 3900 3954 4286 4402 4018 3819 3784 3900 4195 4709 4706 4175 3668 3466 3203 3173 3175 3210 3402 3236 2971 2899 2826 2747 2733 2773 2776 2762 2757 2732 2702 2689 2688 2697 2758 2800 2714 2743 2798 2798 2769 2755 2752 2775 2870 3074 3184 3240 3268
4945 5000 4744 4730 4539 4516 4691 4898 4966 4853 4860 4827 4722 4565 4511 4304 4304 4255 4336 4379 4800 4885 4890 4913 4858 4896 4743 4728 4818 4882 4958 4932 4860 4736 4539 4229 4031 3935 3888 3880 3884 3882 3913 4275 4491 4228 4133 4110 4043 4066 4604 4835 4264 3791 3503 3319 3313 3212 3135 3045 2924 2911 2954 2880 2780 2770 2791 2794 2759 2751 2741 2728 2702 2684 2704 2772 2747 2688 2732 2787 2783 2776 2780 2801 2855 2905 3029 3171 3265
5474 5494 5130 5057 5041 4840 4679 4994 5232 5094 5147 5048 4993 4989 4714 4378 4273 4205 4231 4388 4397 4671 4911 4801 4573 4509 4497 4463 4520 4585 4703 4863 4723 4733 4573 4312 4133 4042 4000 3949 3922 3889 3885 3893 4003 4284 4678 4590 4671 4211 4132 4397 4637 4167 3879 3581 3492 3369 3184 3063 2972 2988 3132 3071 2943 2793 2777 2789 2770 2744 2728 2704 2706 2694 2701 2754 2770 2711 2681 2715 2785 2796 2796 2800 2853 2909 2999 3209 3400
4515 4659 4778 4879 4959 4869 4797 4860 4991 5065 5152 5116 5154 5223 5002 4624 4433 4309 4315 4523 4444 4393 4455 4545 4454 4396 4375 4337 4327 4340 4398 4619 4641 4658 4653 4439 4148 4054 4013 3998 4024 3991 3952 3912 3899 3909 4120 4706 4961 4455 4218 4185 4404 4333 4075 3926 3709 3520 3346 3203 3063 3018 3053 3096 3122 2977 2797 2810 2809 2777 2738 2701 2692 2684 2684 2732 2800 2747 2731 2738 2734 2784 2798 2797 2853 2902 2951 3072 3303
4565 4817 4882 4840 4979 5061 5010 4998 4929 4897 4974 4979 4948 4977 4874 4990 4898 4746 4633 4575 4727 4595 4403 4424 4435 4454 4455 4405 4291 4261 4270 4300 4337 4438 4495 4407 4251 4171 4100 4062 4085 4141 4067 3984 3936 3896 3895 3972 4403 4756 4351 4449 4366 4375 4438 4465 4230 3979 3863 3699 3321 3144 3096 3065 3011 3009 2867 2798 2826 2827 2762 2723 2698 2686 2679 2686 2740 2757 2744 2780 2715 2741 2798 2804 2872 2957 2996 3069 3253
4688 4608 4782 4928 4937 4932 4854 4829 4823 4842 4943 4990 4993 4904 4785 4832 5046 5120 5020 4707 4741 4610 4508 4540 4547 4525 4621 4590 4352 4275 4292 4316 4296 4401 4393 4337 4385 4387 4185 4101 4132 4240 4116 4091 4032 3957 3923 3935 3968 4273 4641 4510 4526 4672 4750 4574 4494 4553 4584 4028 3595 3326 3176 3092 3008 3013 2872 2793 2756 2798 2781 2768 2732 2699 2686 2687 2690 2698 2716 2745 2704 2720 2790 2808 2895 2953 3058 3117 3266
4682 4690 4697 4802 4861 4878 4849 4817 4813 4801 4826 4959 4975 4893 4823 4884 4963 4918 4851 4762 4800 4734 4703 4747 4788 4652 4664 4634 4567 4432 4430 4398 4395 4423 4528 4352 4272 4243 4210 4154 4189 4188 4152 4236 4129 4011 3992 4077 4074 4012 4259 4883 4800 4755 4869 4740 4454 4438 4498 4382 3750 3414 3274 3133 3005 2953 2902 2807 2756 2747 2754 2750 2743 2716 2695 2692 2688 2685 2682 2699 2695 2739 2800 2840 2912 2991 3068 3157 3269
4822 4824 4791 4783 4819 4871 4900 4968 4944 4871 4865 4799 4808 4927 5035 4838 4941 4946 4856 4788 4904 4959 4927 4946 4981 4765 4757 4632 4677 4789 4843 4751 4525 4502 4526 4532 4336 4330 4256 4243 4243 4206 4191 4155 4118 4067 4002 4116 4205 4194 4134 4371 4628 4850 4795 4786 4533 4281 4083 4037 3961 3578 3384 3228 3059 2943 2916 2885 2795 2778 2798 2786 2739 2721 2701 2700 2696 2692 2684 2684 2699 2710 2770 2791 2854 2967 3027 3136 3240
4991 5057 5001 4917 4992 4981 5050 5048 5017 4978 4953 4884 4930 5039 4936 4959 5051 5007 5086 4940 5106 5144 5188 5103 4880 4753 4919 4804 4725 4732 4733 4663 4602 4662 4686 4631 4513 4651 4451 4342 4309 4267 4225 4160 4090 4052 4084 4146 4300 4239 4176 4269 4523 4755 4714 4637 4563 4566 4204 3928 3757 3610 3462 3292 3171 2988 2904 2851 2818 2800 2805 2855 2800 2739 2712 2711 2704 2700 2691 2693 2702 2702 2729 2765 2782 2869 2968 3085 3172
5019 5136 5139 5115 5183 5074 5103 5186 5129 5104 5082 5011 5054 5074 5041 5082 5251 5141 5125 5092 5455 5501 5300 5029 4886 5013 5036 4943 4866 4867 4808 4724 4668 4710 4860 4769 4742 4733 4584 4469 4359 4337 4479 4295 4134 4123 4165 4244 4376 4413 4290 4193 4291 4359 4523 4703 4703 4344 4228 4048 3844 3645 3473 3306 3175 3053 2956 2877 2846 2818 2807 2796 2795 2763 2730 2725 2718 2706 2698 2690 2695 2699 2701 2700 2697 2718 2800 2889 2941
5027 5075 5135 5147 5175 5121 5187 5174 5113 5101 5145 5125 5156 5225 5229 5241 5203 5321 5451 5552 5977 5394 5190 5096 5003 4946 5008 4979 5056 5117 5050 4910 4865 4774 4724 4742 4881 4889 4720 4722 4557 4440 4567 4832 4601 4280 4289 4369 4404 4521 4479 4310 4159 4137 4179 4258 4560 4588 4372 4338 3982 3750 3563 3385 3249 3138 3017 2940 2894 2862 2834 2815 2791 2764 2742 2728 2717 2703 2694 2686 2681 2685 2689 2682 2683 2693 2708 2766 2800
5045 4972 5008 5073 5094 5150 5084 5055 5105 5108 5202 5288 5294 5353 5353 5365 5340 5381 5616 5837 5757 5463 5340 5176 5164 5164 5105 5103 5093 5136 5170 5102 5009 4846 4790 4773 4808 4969 5052 4927 4796 4711 4624 4568 4710 4808 4563 4622 4623 4625 4821 4487 4339 4122 4018 3966 4021 4124 4269 4478 4396 4011 3825 3618 3429 3253 3166 3093 3000 2931 2888 2847 2811 2786 2758 2735 2720 2709 2696 2688 2680 2676 2676 2676 2679 2679 2688 2695 2736
5040 5004 5000 5000 5009 5024 5018 4996 4987 5038 5073 5165 5195 5310 5169 5211 5109 5120 5149 5231 5237 5303 5297 5153 5125 5119 5028 4983 5074 5057 5109 5151 5015 4919 4835 4786 4748 4815 4920 5157 5020 4752 4855 4818 4744 4770 4712 4647 4758 5004 5101 4923 4756 4513 4432 4121 3904 3821 3829 3960 4355 4328 4313 4024 3732 3484 3308 3158 3067 2988 2923 2868 2834 2814 2776 2736 2717 2711 2704 2689 2680 2675 2675 2676 2677 2677 2679 2674 2680
5048 4990 5010 5089 5081 5021 4975 4966 4961 4966 4976 4974 5025 5164 5096 5112 5034 4997 5004 5036 5037 5066 5121 5110 5051 4996 4950 4918 4915 4928 5064 5171 5062 5084 5013 4906 4758 4741 4786 4943 5080 4976 4820 4736 4925 4992 4891 4732 4762 4911 4981 4880 5182 5193 5094 4597 4208 3910 3733 3704 3777 3834 4001 4293 4220 3773 3388 3193 3153 3088 3009 2917 2889 2866 2804 2742 2724 2715 2706 2692 2684 2679 2676 2676 2679 2680 2680 2675 2670
5060 5002 5125 5415 5419 5205 5103 5072 5007 4956 4913 4910 4965 4914 4853 4884 4897 4918 4968 4969 4973 4982 4969 4988 4986 4961 4911 4970 5076 5052 5006 5055 5008 4994 5146 5051 4949 4731 4725 4799 5027 5133 5132 4821 4805 4865 4915 4934 4908 4859 4915 5014 5005 5331 5108 4863 4553 4258 3938 3734 3613 3574 3580 3664 3784 4036 3504 3287 3398 3273 3237 3130 3034 2966 2945 2782 2750 2727 2715 2704 2704 2696 2683 2682 2685 2686 2687 2683 2677
4990 5053 5311 5629 5433 5250 5167 5107 5033 5005 4936 4975 5006 4868 4819 4796 4805 4866 4844 4833 4889 4908 4919 4914 4941 4926 4991 4999 5080 5131 5098 5067 5003 4900 4915 4968 5025 4873 4754 4740 4909 5087 5168 4990 5125 4905 4810 4806 4874 4929 4908 4906 4857 4896 5176 5005 4712 4371 4243 4014 3846 3698 3563 3480 3433 3567 3503 3689 3814 3455 3536 3324 3164 3163 3090 2870 2785 2744 2732 2724 2724 2707 2696 2695 2694 2693 2695 2689 2681
4940 5090 5426 5718 5384 5243 5140 5103 5091 5051 5039 4980 4999 4990 4968 4898 4876 4883 4901 4879 4893 4897 4898 4915 4904 4879 4894 4953 4897 4930 5003 4986 4942 4921 4928 4961 4917 4951 4934 4745 4774 4877 4953 5062 5088 5209 5045 4893 4896 4900 4943 4971 4929 4735 4723 4791 4485 4697 4523 4355 4356 4120 4055 3765 3629 3472 3411 3793 4355 3804 3666 3508 3261 3149 3233 3038 2842 2781 2754 2748 2747 2737 2730 2722 2709 2703 2699 2694 2686
4973 5065 5219 5378 5336 5226 5128 5102 5065 5008 5008 5007 4944 4912 5034 5106 5091 5098 5043 5028 5010 4990 5003 4995 5005 5023 4973 4928 4872 4885 4887 4881 4894 4906 4953 5047 5062 5101 5006 4894 4936 4903 4941 5195 5086 5094 5031 4980 4954 4932 4961 5043 5087 5017 4839 4717 4888 4717 4631 4563 4814 4459 3918 3983 4249 4071 3818 3732 3939 4058 3932 3723 3425 3237 3223 3060 2928 2839 2795 2780 2768 2756 2740 2738 2728 2721 2713 2707 2697
4990 5058 5120 5144 5162 5161 5170 5210 5204 5128 5150 5075 5019 4960 4945 4914 4913 4926 4927 5034 5104 5166 5124 5088 5073 5072 5022 4969 4964 4953 4942 4921 4928 4908 4925 4905 4925 5076 5068 4944 5013 5130 5199 5196 5103 5051 5028 5011 5054 5070 5069 5047 5136 5098 5062 4956 5050 5048 5089 5140 4967 4542 4076 4117 4378 4403 4430 4246 4271 4254 4271 3986 3684 3499 3357 3174 3025 2912 2849 2810 2798 2779 2757 2759 2755 2750 2738 2730 2719
5097 5041 5038 5013 5024 5038 5093 5148 5146 5134 5171 5179 5142 5071 5050 5044 5082 5074 5015 4948 4972 5023 5149 5245 5315 5253 5132 5107 5101 5139 5094 5173 5014 4966 4970 4974 4988 4953 5029 5069 5003 5033 5095 5027 5037 4965 4981 5085 5161 5287 5512 5477 5263 5171 5016 4989 5138 4956 4862 5002 5181 4938 4431 4224 4663 4621 4545 4752 4614 4626 4610 4395 4148 4029 3610 3461 3162 3076 2962 2877 2844 2813 2791 2792 2801 2794 2775 2764 2756
5029 5039 5039 5033 4985 4951 4952 4951 4929 4913 4937 5005 5102 5110 5034 5036 5029 5072 5178 5186 5028 4981 5020 5072 5137 5179 5119 5149 5256 5308 5245 5181 5147 4970 5015 4953 4929 4903 4942 4991 5028 5050 5133 5183 5112 5161 4984 4941 5012 5205 5637 5388 5045 5048 5052 5043 5004 4859 4733 4621 4571 4676 4510 4284 4342 4383 4523 4862 4842 4885 4715 4980 4631 4459 4014 4051 3548 3583 3405 3038 3092 3083 2979 2878 2880 2863 2837 2834 2829
4956 4991 5090 5139 5095 4986 4930 4910 4885 4940 4986 5033 5141 5031 5016 4940 4831 4802 4825 4883 4969 5001 4996 4989 5007 5014 4963 4973 5014 5035 5105 5064 5118 5076 5111 5089 4995 5037 5204 5057 5013 4951 4939 5009 5036 5054 5114 5221 5176 5258 4993 4998 4903 4870 4933 4881 4800 4927 4982 4913 4724 4369 4331 4624 4639 4715 4800 4605 4663 4776 4829 4964 4833 4572 4672 4648 4201 3953 3989 3457 3745 4164 3739 3153 3001 3036 3065 3014 3021
