ForVIC/C++/clim_ex_China/dem10km.txt
ncols         485
nrows         405
xllcorner     -2638000
yllcorner     1870000
cellsize      10000
NODATA_value  -9999
[rows 320 to 359 of 405, columns 89 to 177 of 485]
3854 3692 2443 2385 2529 2674 2674 2674 2674 2674 2674 2674 2674 2674 2674 2674 2674 2674 2674 2674 2674 2674 2674 2674 2674 2674 838 193 193 193 193 193 193 193 193 193 193 193 193 193 193 193 193 193 193 193 193 192 189 183 136 98 95 95 95 95 95 95 97 98 97 95 98 98 98 98 98 98 98 98 96 96 96 96 96 96 96 96 160 295 298 298 298 298 302 387 486 501 501
3854 2913 2385 2402 2656 2674 2674 2674 2674 2674 2674 2674 2674 2674 2674 2674 2674 2674 2674 2674 2674 2674 2674 2674 2674 2525 242 193 193 193 193 193 193 193 193 193 193 193 193 193 193 193 193 193 193 193 193 192 188 183 126 97 95 95 95 95 95 95 97 98 97 95 98 98 98 98 98 98 98 98 97 96 96 96 96 96 96 132 287 298 298 298 298 298 298 298 310 409 496
3530 2385 2385 2529 2674 2674 2674 2674 2674 2674 2674 2674 2674 2674 2674 2674 2674 2674 2674 2674 2674 2674 2674 2674 2674 1830 193 193 193 193 193 193 193 193 193 193 193 193 193 193 193 193 193 193 193 193 193 192 187 183 116 95 95 95 95 95 95 95 97 98 97 95 98 98 98 98 98 98 98 98 97 96 96 96 96 96 112 273 298 298 298 298 298 298 298 298 298 298 324
2708 2385 2402 2656 2674 2674 2674 2674 2674 2674 2674 2674 2674 2674 2674 2674 2674 2674 2674 2674 2674 2674 2674 2674 2674 1110 193 193 193 193 193 193 193 193 193 193 193 193 193 193 193 193 193 193 193 193 193 192 187 183 105 95 95 95 95 95 95 95 97 98 97 95 98 98 98 98 98 98 98 98 98 96 96 96 96 102 249 298 298 298 298 298 298 298 298 298 298 298 298
2385 2385 2529 2674 2674 2674 2674 2674 2674 2674 2674 2674 2674 2674 2674 2674 2674 2674 2674 2674 2674 2674 2674 2674 2649 391 193 193 193 193 193 193 193 193 193 193 193 193 193 193 193 193 193 193 193 193 193 192 186 179 98 95 95 95 95 95 95 95 97 98 97 95 98 98 98 98 98 98 98 98 98 97 96 96 96 217 298 298 298 298 298 298 298 298 298 298 298 298 298
2385 2402 2656 2674 2674 2674 2674 2674 2674 2674 2674 2674 2674 2674 2674 2674 2674 2674 2674 2674 2674 2674 2674 2674 2103 193 193 193 193 193 193 193 193 193 193 193 193 193 193 193 193 193 193 193 193 193 193 192 185 169 97 95 95 95 95 95 95 95 97 98 97 95 98 98 98 98 98 98 98 98 98 97 96 96 182 298 298 298 298 298 298 298 298 298 298 298 298 298 298
2385 2529 2674 2674 2674 2674 2674 2674 2674 2674 2674 2674 2674 2674 2674 2674 2674 2674 2674 2674 2674 2674 2674 2674 1383 193 193 193 193 193 193 193 193 193 193 193 193 193 193 193 193 193 193 193 193 193 193 192 185 160 96 95 95 95 95 95 95 95 97 98 97 95 98 98 98 98 98 98 98 98 98 98 96 148 295 298 298 298 298 298 298 298 298 298 298 298 298 298 298
2402 2656 2674 2674 2674 2674 2674 2674 2674 2674 2674 2674 2674 2674 2674 2674 2674 2674 2674 2674 2674 2674 2674 2674 664 193 193 193 193 193 193 193 193 193 193 193 193 193 193 193 193 193 193 193 193 193 193 192 185 149 95 95 95 95 95 95 95 95 97 98 97 95 98 98 98 98 98 98 98 98 98 98 125 285 298 298 298 298 298 298 298 298 298 298 298 298 298 298 298
2529 2674 2674 2674 2674 2674 2674 2674 2674 2674 2674 2674 2674 2674 2674 2674 2674 2674 2674 2674 2674 2674 2674 2401 193 193 193 193 193 193 193 193 193 193 193 193 193 193 193 193 193 193 193 193 193 193 193 192 184 138 95 95 95 95 95 95 95 95 97 98 97 95 98 98 98 98 98 98 98 98 98 115 335 362 349 334 320 306 298 298 298 298 298 298 298 298 298 298 298
2656 2674 2674 2674 2674 2674 2674 2674 2674 2674 2674 2674 2674 2674 2674 2674 2674 2674 2674 2674 2674 2674 2674 1656 193 193 193 193 193 193 193 193 193 193 193 193 193 193 193 193 193 193 193 193 193 193 193 192 184 127 95 95 95 95 95 95 95 95 97 98 97 95 98 98 98 98 98 98 98 98 106 321 392 392 392 392 392 392 386 371 358 343 329 313 301 298 298 298 298
2674 2674 2674 2674 2674 2674 2674 2674 2674 2674 2674 2674 2674 2674 2674 2674 2674 2674 2674 2674 2674 2674 2674 937 193 193 193 193 193 193 193 193 193 193 193 193 193 193 193 193 193 193 193 193 193 193 193 192 183 117 95 95 95 95 95 95 95 95 97 98 97 95 98 98 98 98 98 98 98 100 292 392 392 392 392 392 392 392 392 392 392 392 392 392 392 379 366 351 338
2674 2674 2674 2674 2674 2674 2674 2674 2674 2674 2674 2674 2674 2674 2674 2674 2674 2674 2674 2674 2674 2674 2599 267 193 193 193 193 193 193 193 193 193 193 193 193 193 193 193 193 193 193 193 193 193 193 193 192 183 102 95 95 95 95 95 95 95 95 97 98 97 95 98 98 98 98 98 98 98 250 392 392 392 392 392 392 392 392 392 392 392 392 392 392 392 392 392 392 392
2674 2674 2674 2674 2674 2674 2674 2674 2674 2674 2674 2674 2674 2674 2674 2674 2674 2674 2674 2674 2674 2674 1929 193 193 193 193 193 193 193 193 193 193 193 193 193 193 193 193 193 193 193 193 193 193 193 193 192 178 95 95 95 95 95 95 95 95 95 97 98 98 95 98 98 98 98 98 98 212 392 392 392 392 392 392 392 392 392 392 392 392 392 392 392 392 392 392 392 392
2674 2674 2674 2674 2674 2674 2674 2674 2674 2674 2674 2674 2674 2674 2674 2674 2674 2674 2674 2674 2674 2674 1210 193 193 193 193 193 193 193 193 193 193 193 193 193 193 193 193 193 193 193 193 193 193 193 193 192 161 95 95 95 95 95 95 95 95 95 97 98 98 95 98 98 98 98 98 171 380 386 386 386 386 386 386 386 386 386 386 386 386 386 386 386 386 386 386 386 386
2674 2674 2674 2674 2674 2674 2674 2674 2674 2674 2674 2674 2674 2674 2674 2674 2674 2674 2674 2674 2674 2674 465 193 193 193 193 193 193 193 193 193 193 193 193 193 193 193 193 193 193 193 193 193 193 193 193 192 147 95 95 95 95 95 95 95 95 95 97 98 98 95 98 98 98 98 245 633 615 569 541 508 476 435 402 374 338 338 338 338 338 338 338 338 338 338 338 338 338
2674 2674 2674 2674 2674 2674 2674 2674 2674 2674 2674 2674 2674 2674 2674 2674 2674 2674 2674 2674 2674 2202 193 193 193 193 193 193 193 193 193 193 193 193 193 193 193 193 193 193 193 193 193 193 193 193 193 192 133 95 95 95 95 95 95 95 95 95 97 98 98 95 98 98 98 245 757 800 800 800 800 800 800 800 800 800 800 758 730 698 661 624 592 564 522 485 458 425 384
2674 2674 2674 2674 2674 2674 2674 2674 2674 2674 2674 2674 2674 2674 2674 2674 2674 2674 2674 2674 2674 1483 193 193 193 193 193 193 193 193 193 193 193 193 193 193 193 193 193 193 193 193 193 193 193 193 193 192 117 95 95 95 95 95 95 95 95 95 97 98 98 95 98 98 245 757 800 800 800 800 800 800 800 800 800 800 800 800 800 800 800 800 800 800 800 800 800 800 800
2674 2674 2674 2674 2674 2674 2674 2674 2674 2674 2674 2674 2674 2674 2674 2674 2674 2674 2674 2674 2674 763 193 193 193 193 193 193 193 193 193 193 193 193 193 193 193 193 193 193 193 193 193 193 193 193 193 192 103 95 95 95 95 95 95 95 95 95 97 98 98 95 98 245 757 800 800 800 800 800 800 800 800 800 800 800 800 800 800 800 800 800 800 800 800 800 800 800 800
2674 2674 2674 2674 2674 2674 2674 2674 2674 2674 2674 2674 2674 2674 2674 2674 2674 2674 2674 2674 2475 217 193 193 193 193 193 193 193 193 193 193 193 193 193 193 193 193 193 193 193 193 193 193 193 193 193 185 95 95 95 95 95 95 95 95 95 95 97 98 98 95 245 757 800 800 800 800 800 800 800 800 800 800 800 800 800 800 800 800 800 800 800 800 800 800 800 800 800
2674 2674 2674 2674 2674 2674 2674 2674 2674 2674 2674 2674 2674 2674 2674 2674 2674 2674 2674 2674 1756 193 193 193 193 193 193 193 193 193 193 193 193 193 193 193 193 193 193 193 193 193 193 193 193 193 193 172 95 95 95 95 95 95 95 95 95 95 97 98 98 244 760 802 802 802 802 802 802 802 802 802 802 802 802 802 802 802 802 802 802 802 802 802 802 802 802 802 802
2674 2674 2674 2674 2674 2674 2674 2674 2674 2674 2674 2674 2674 2674 2674 2674 2674 2674 2674 2674 1036 193 193 193 193 193 193 193 193 193 193 193 193 193 193 193 193 193 193 193 193 193 193 193 193 193 193 158 95 95 95 95 95 95 95 95 95 95 97 98 246 760 803 803 803 803 803 803 803 803 803 803 803 803 803 803 803 803 803 803 803 803 803 803 803 803 803 803 803
2674 2674 2674 2674 2674 2674 2674 2674 2674 2674 2674 2674 2674 2674 2674 2674 2674 2674 2674 2624 341 193 193 193 193 193 193 193 193 193 193 193 193 193 193 193 193 193 193 193 193 193 193 193 193 193 193 146 95 95 95 95 95 95 95 95 95 95 97 203 746 803 803 803 803 803 803 803 803 803 803 803 803 803 803 803 803 803 803 803 803 803 803 803 803 803 803 803 803
2674 2674 2674 2674 2674 2674 2674 2674 2674 2674 2674 2674 2674 2674 2674 2674 2674 2674 2674 2028 193 193 193 193 193 193 193 193 193 193 193 193 193 193 193 193 193 193 193 193 193 193 193 193 193 193 193 134 95 95 95 95 95 95 95 95 95 95 167 725 803 803 803 803 803 803 803 803 803 803 803 803 803 803 803 803 803 803 803 803 803 803 803 803 803 803 803 803 803
2674 2674 2674 2674 2674 2674 2674 2674 2674 2674 2674 2674 2674 2674 2674 2674 2674 2674 2674 1309 193 193 193 193 193 193 193 193 193 193 193 193 193 193 193 193 193 193 193 193 193 193 193 193 193 193 193 121 95 95 95 95 95 95 95 95 95 137 696 803 803 803 803 803 803 803 803 803 803 803 803 803 803 803 803 803 803 803 803 803 803 803 803 803 803 803 803 803 803
2674 2674 2674 2674 2674 2674 2674 2674 2674 2674 2674 2674 2674 2674 2674 2674 2674 2674 2674 565 193 193 193 193 193 193 193 193 193 193 193 193 193 193 193 193 193 193 193 193 193 193 193 193 193 193 193 109 95 95 95 95 95 95 95 95 116 647 803 803 803 803 803 803 803 803 803 803 803 803 803 803 803 803 803 803 803 803 803 803 803 803 803 803 803 803 803 803 803
2674 2674 2674 2674 2674 2674 2674 2674 2674 2674 2674 2674 2674 2674 2674 2674 2674 2674 2326 193 193 193 193 193 193 193 193 193 193 193 193 193 193 193 193 193 193 193 193 193 193 193 193 193 193 193 193 96 95 95 95 95 95 95 95 102 590 803 803 803 803 803 803 803 803 803 803 803 803 803 803 803 803 803 803 803 803 803 803 803 803 803 803 803 803 803 803 803 803
2674 2674 2674 2674 2674 2674 2674 2674 2674 2674 2674 2674 2674 2674 2674 2674 2674 2674 1582 193 193 193 193 193 193 193 193 193 193 193 193 193 193 193 193 193 193 193 193 193 193 193 193 193 193 193 181 95 95 95 95 95 95 95 95 526 803 803 803 803 803 803 803 803 803 803 803 803 803 803 803 803 803 803 803 803 803 803 803 803 803 803 803 803 803 803 803 803 803
2674 2674 2674 2674 2674 2674 2674 2674 2674 2674 2674 2674 2674 2674 2674 2674 2674 2674 862 193 193 193 193 193 193 193 193 193 193 193 193 193 193 193 193 193 193 193 193 193 193 193 193 193 193 193 169 95 95 95 95 95 95 95 456 803 803 803 803 803 803 803 803 803 803 803 803 803 803 803 803 803 803 803 803 803 803 803 803 803 803 803 803 803 803 803 803 803 803
2674 2674 2674 2674 2674 2674 2674 2674 2674 2674 2674 2674 2674 2674 2674 2674 2674 2549 242 193 193 193 193 193 193 193 193 193 193 193 193 193 193 193 193 193 193 193 193 193 193 193 193 193 193 193 157 95 95 95 95 95 95 385 803 803 803 803 803 803 803 803 803 803 803 803 803 803 803 803 803 803 803 803 803 803 803 803 803 803 803 803 803 803 803 803 803 803 803
2674 2674 2674 2674 2674 2674 2674 2674 2674 2674 2674 2674 2674 2674 2674 2674 2674 1855 193 193 193 193 193 193 193 193 193 193 193 193 193 193 193 193 193 193 193 193 193 193 193 193 193 193 193 193 144 95 95 95 95 95 321 795 803 803 803 803 803 803 803 803 803 803 803 803 803 803 803 803 803 803 803 803 803 803 803 803 803 803 803 803 803 803 803 803 803 803 803
2674 2674 2674 2674 2674 2674 2674 2674 2674 2674 2674 2674 2674 2674 2674 2674 2674 1135 193 193 193 193 193 193 193 193 193 193 193 193 193 193 193 193 193 193 193 193 193 193 193 193 193 193 193 193 131 95 95 95 95 264 781 803 803 803 803 803 803 803 803 803 803 803 803 803 803 803 803 803 803 803 803 803 803 803 803 803 803 803 803 803 803 803 803 803 803 803 803
2674 2674 2674 2674 2674 2674 2674 2674 2674 2674 2674 2674 2674 2674 2674 2674 2649 416 193 193 193 193 193 193 193 193 193 193 193 193 193 193 193 193 193 193 193 193 193 193 193 193 193 193 193 193 119 95 95 95 215 760 803 803 803 803 803 803 803 803 803 803 803 803 803 803 803 803 803 803 803 803 803 803 803 803 803 803 803 803 803 803 803 803 803 803 803 803 801
2674 2674 2674 2674 2674 2674 2674 2674 2674 2674 2674 2674 2674 2674 2674 2674 2152 193 193 193 193 193 193 193 193 193 193 193 193 193 193 193 193 193 193 193 193 193 193 193 193 193 193 193 193 193 107 95 95 165 732 803 803 803 803 803 803 803 803 803 803 803 803 803 803 803 803 803 803 803 803 803 803 803 803 803 803 803 803 803 803 803 803 803 803 803 803 802 792
2674 2674 2674 2674 2674 2674 2674 2674 2674 2674 2674 2674 2674 2674 2674 2674 1408 193 193 193 193 193 193 193 193 193 193 193 193 193 193 193 193 193 193 193 193 193 193 193 193 193 193 193 193 192 95 95 137 689 803 803 803 803 803 803 803 803 803 803 803 803 803 803 803 803 803 803 803 803 803 803 803 803 803 803 803 803 803 803 803 803 803 803 803 803 803 792 791
2674 2674 2674 2674 2674 2674 2674 2674 2674 2674 2674 2674 2674 2674 2674 2674 664 193 193 193 193 193 193 193 193 193 193 193 193 193 193 193 193 193 193 193 193 193 193 193 193 193 193 193 193 179 95 116 640 803 803 803 803 803 803 803 803 803 803 803 803 803 803 803 803 803 803 803 803 803 803 803 803 803 803 803 803 803 803 803 803 803 803 803 803 803 793 791 791
2674 2674 2674 2674 2674 2674 2674 2674 2674 2674 2674 2674 2674 2674 2674 2425 193 193 193 193 193 193 193 193 193 193 193 193 193 193 193 193 193 193 193 193 193 193 193 193 193 193 193 193 193 167 102 583 803 803 803 803 803 803 803 803 803 803 803 803 803 803 803 803 803 803 803 803 803 803 803 803 803 803 803 803 803 803 803 803 803 803 803 803 803 794 791 791 791
2674 2674 2674 2674 2674 2674 2674 2674 2674 2674 2674 2674 2674 2674 2674 1681 193 193 193 193 193 193 193 193 193 193 193 193 193 193 193 193 193 193 193 193 193 193 193 193 193 193 193 193 193 155 519 803 803 803 803 803 803 803 803 803 803 803 803 803 803 803 803 803 803 803 803 803 803 803 803 803 803 803 803 803 803 803 803 803 803 803 803 804 796 791 791 791 791
2674 2674 2674 2674 2674 2674 2674 2674 2674 2674 2674 2674 2674 2674 2674 962 193 193 193 193 193 193 193 193 193 193 193 193 193 193 193 193 193 193 193 193 193 193 193 193 193 193 193 193 193 475 803 803 803 803 803 803 803 803 803 803 803 803 803 803 803 803 803 803 803 803 803 803 803 803 803 803 803 803 803 803 803 803 803 803 803 803 804 797 791 791 791 791 791
2674 2674 2674 2674 2674 2674 2674 2674 2674 2674 2674 2674 2674 2674 2599 292 193 193 193 193 193 193 193 193 193 193 193 193 193 193 193 193 193 193 193 193 193 193 193 193 193 193 193 193 351 796 803 803 803 803 803 803 803 803 803 803 803 803 803 803 803 803 803 803 803 803 803 803 803 803 803 803 803 803 803 803 803 803 803 803 803 804 798 791 791 791 791 791 791
2674 2674 2674 2674 2674 2674 2674 2674 2674 2674 2674 2674 2674 2674 1954 193 193 193 193 193 193 193 193 193 193 193 193 193 193 193 193 193 193 193 193 193 193 193 193 193 193 193 193 247 748 803 803 803 803 803 803 803 803 803 803 803 803 803 803 803 803 803 803 803 803 803 803 803 803 803 803 803 803 803 803 803 803 803 803 803 804 799 791 791 791 791 791 791 791
