ForVIC/C++/clim_ex_China/dem10km.txt
ncols         485
nrows         405
xllcorner     -2638000
yllcorner     1870000
cellsize      10000
NODATA_value  -9999
[rows 200 to 239 of 405, columns 0 to 88 of 485]
6211 6211 6211 6211 6211 6211 6211 6211 5857 5149 4795 4795 4795 4795 4795 4795 4795 4795 4795 4795 4795 4795 4795 4795 4795 4800 5212 5518 5559 5027 5355 4978 4966 5475 5736 5468 5400 5403 5734 5432 5563 5297 5403 5294 5142 5133 5374 6036 5608 5530 5466 5428 5597 5656 5631 5264 5155 5136 5223 5482 5270 5287 5305 5196 5297 5475 5288 5442 5402 5215 5203 5045 5022 5032 5000 5009 5035 5104 5203 5150 5088 5083 5126 5046 5005 5012 4992 5001 5032
6211 6211 6211 6211 6211 6211 6211 6211 6211 6211 5857 5147 4784 4784 4784 4784 4784 4784 4784 4784 4784 4784 4784 4784 4784 4784 4683 4453 4543 4526 4728 4763 5192 5171 5256 5342 5591 5729 5675 5507 5201 5142 5191 5117 5104 4847 5015 5578 5476 5813 5562 5372 5374 5519 5462 5621 5311 5307 5147 5306 5181 5240 5388 5341 5574 5444 5443 5471 5450 5202 5222 5050 5195 5095 4998 4964 5191 5292 5361 5246 5144 5222 5220 5096 5126 5112 5222 5140 5096
6211 6211 6211 6211 6211 6211 6211 6211 6211 6211 6211 6211 5865 5203 4877 4877 4877 4877 4877 4877 4877 4877 4877 4877 4842 4763 4703 4800 4770 4809 4842 4499 4626 4722 4541 5104 5418 5533 5611 5258 5361 5061 4858 4960 4976 4666 4850 5280 5491 5419 5221 5253 5080 5139 5275 5523 5523 5862 5013 5094 5298 5281 5194 5329 5383 5322 5397 5415 5352 5135 5131 5096 5286 5191 5089 5062 5286 5302 5295 5355 5285 5328 5244 5158 5178 5141 5259 5367 5206
6211 6211 6211 6211 6211 6211 6211 6211 6211 6211 6211 6211 6211 6202 5718 5130 4852 4821 4791 4761 4728 4698 4667 4626 4602 4598 4592 4502 4954 5070 5312 4800 4632 4637 4435 4884 5352 5234 5079 4953 5107 5156 5090 4791 5131 4999 4592 4765 5112 4996 5103 5223 4917 4904 5072 5119 5377 5610 5246 4973 5059 5288 5135 5289 5412 5226 5406 5448 5356 5217 5136 4969 5142 5156 5127 5276 5495 5114 5051 5328 5425 5316 5128 5212 5318 5304 5193 5281 5284
6211 6211 6211 6211 6211 6211 6211 6211 6211 6211 6211 6211 6211 6211 6152 5885 5222 4787 4621 4618 4614 4610 4606 4602 4638 4866 5072 4842 4779 4502 4969 5142 4725 4732 4622 4394 4950 4846 4779 4922 4741 4612 4637 4701 5154 5099 4865 4592 5009 5023 4951 5020 4884 4824 4847 5200 5301 5481 5840 5093 4951 5160 5045 5107 5176 5211 5187 5210 5333 5419 5222 4978 4965 4964 5017 5189 5161 4929 4974 5110 5234 5158 5155 5196 5357 5370 5219 5284 5295
6211 6211 6211 6211 6211 6211 6211 6211 6211 6211 6211 6211 6211 6211 6211 6063 5694 5379 5139 4725 4601 4601 4694 4838 5011 5026 5066 5329 5599 5075 4716 5254 5227 4854 4484 4269 4346 4848 4950 5097 4888 4846 4798 4691 4724 5046 5148 5063 4914 5211 5215 4920 5062 4914 4992 4905 5310 5487 5523 5060 5038 5036 5149 5069 5028 5141 5117 5046 5116 5168 5157 5100 4941 5042 5099 5122 5006 4836 4975 5319 5211 5104 5103 5169 5318 5479 5401 5431 5406
6211 6211 6211 6211 6211 6211 6211 6211 6211 6211 6211 6211 6211 6211 6211 6202 5971 5478 5379 5371 4648 4928 5026 5026 5039 5109 5281 5366 5614 5302 4793 4668 4751 4757 4371 4300 4261 4424 4499 4544 4674 4942 4709 4815 4844 4675 4954 5331 5400 5315 5161 4976 5084 5109 5162 4975 5092 5127 5293 5359 5018 5043 4953 5060 5046 5097 5127 5068 5182 5260 5471 5216 5070 4901 4967 5055 4988 4862 5207 5471 5366 5284 5203 5185 5163 5404 5423 5444 5543
6211 6211 6211 6211 6211 6211 6211 6211 6211 6211 6211 6211 6211 6211 6211 6211 6152 5808 5379 5379 4826 4950 5458 5186 5172 5210 5246 5461 5604 5671 5633 5369 5061 4980 4651 4483 4666 4516 4654 4590 4359 4498 4872 4795 5002 5212 4904 5041 5520 5394 4861 5255 5237 5224 5343 5100 4955 5091 5329 5237 4974 5187 5127 5065 5047 4991 5100 5084 5172 5141 5100 5066 5066 4922 4988 5215 5388 5480 5387 5321 5353 5280 5173 5096 4966 5171 4981 5129 5538
6211 6211 6211 6211 6211 6211 6211 6211 6211 6211 6211 6211 6211 6211 6211 6211 6211 6063 5583 5379 5097 4548 5669 5684 5486 5347 5400 5247 5135 5460 5631 5739 5560 5603 4792 5170 4890 5000 4578 4597 4499 4361 4770 5037 4964 5176 5278 5182 4971 4927 4955 5259 5524 5440 5232 5182 4922 5070 5406 5623 5099 5323 5330 5279 5115 5023 5040 4963 4949 5035 4907 4919 5081 5102 5218 5231 5347 5342 5324 5185 5114 5070 5052 5007 4930 4974 4910 5044 5406
6211 6211 6211 6211 6211 6211 6211 6211 6211 6211 6211 6211 6211 6211 6211 6211 6211 6202 5927 5412 5271 4519 5369 5689 5736 5074 4174 4179 4186 4456 5210 5610 5707 5549 4947 4756 4850 4993 4944 4849 4925 4600 4378 4847 5005 5050 5111 5099 4876 4955 4974 5032 5278 5414 5548 5570 5142 5135 5410 5810 5514 5198 5271 5283 5216 5020 5062 5056 4964 4978 4987 5050 5146 5471 5519 5483 5338 5469 5210 5080 5010 4977 4979 4956 5048 4975 4919 4981 5205
6211 6211 6211 6211 6211 6211 6211 6211 6211 6211 6211 6211 6211 6211 6211 6211 6211 6211 6152 5697 5379 4683 4957 5689 5757 5743 4369 4179 4186 4288 4782 5095 5497 5275 4989 4892 4914 4717 4731 5064 5081 4711 4569 4356 4410 4680 4964 5099 5188 5215 5123 5106 5421 5369 5273 5591 5268 5142 5516 5552 5544 5262 5172 5100 5229 5207 5148 5176 5217 5253 5211 5209 5104 4996 5224 5420 5057 5211 5159 5044 4978 5029 5121 4985 5076 5017 5055 4972 4951
6211 6211 6211 6211 6211 6211 6211 6211 6211 6211 6211 6211 6211 6211 6211 6211 6211 6211 6211 6058 5472 4942 4552 5678 5780 5809 5214 4681 4596 4322 4583 4659 5178 5147 4736 5323 5595 4662 4700 4523 4738 4615 4746 4621 4555 4764 5192 4871 5047 5245 5260 5235 5357 5331 4972 5062 5222 5510 5574 5323 5241 5381 5192 5000 5109 5270 5291 5360 5432 5449 5412 5130 4950 4879 4846 4929 4842 4893 4882 5025 4992 4953 4944 4993 5108 5170 4962 5104 4978
5943 6020 6107 6183 6211 6211 6211 6211 6211 6211 6211 6211 6211 6211 6211 6211 6211 6211 6211 6202 5774 5132 4531 5375 5777 5765 5530 5207 5207 4787 4452 4605 4530 4586 4625 5483 5665 5062 5292 4676 4486 4620 4632 4541 4574 4616 4821 4893 4687 4839 4809 4956 4935 4836 4830 5148 5488 5493 5318 5186 5182 5231 5055 4947 5069 5314 5550 5430 5383 5395 5388 5194 4960 4897 4845 4819 4785 4750 4814 4843 4939 4942 5011 5122 5317 5392 4911 5018 5031
5666 5666 5666 5666 5715 5802 5878 5960 6036 6120 6180 6194 6194 6194 6194 6194 6194 6194 6194 6194 6104 5285 4712 5051 5449 5483 5577 5728 5628 5332 4504 4829 4584 4652 4644 4988 5651 5447 5720 5107 4626 4443 4514 4505 4541 4807 4864 4783 4542 4555 4641 4626 4653 4876 4988 5147 5369 5258 5126 4923 4949 4943 4916 4882 5143 5565 5458 5522 5230 5174 5094 5050 5088 5098 4990 4700 4643 4738 4844 4919 4990 5051 5105 5291 5129 5080 5151 5118 5124
5666 5666 5666 5666 5666 5666 5666 5666 5666 5666 5670 5730 5799 5868 5937 6011 6033 5905 5787 5645 5405 5289 4693 5118 5558 5436 5788 5841 5900 5611 4653 4688 4763 4739 4949 4870 5249 5617 5700 5253 5079 4925 4915 4791 4919 4904 5011 4924 4813 4787 4683 4677 4874 4594 4672 4880 5147 5026 4909 4859 4779 4781 5136 4898 4889 5272 5210 5491 5359 5379 5047 4907 5059 5187 5144 4878 4680 4635 4742 4899 4905 4902 4984 5020 5003 4960 4976 4986 4914
5738 5727 5718 5708 5699 5688 5678 5669 5666 5666 5666 5666 5666 5666 5666 5666 5666 5610 5441 5341 5527 5238 4640 4941 5728 5772 5799 5749 5795 5507 5398 4492 4502 4708 4901 5062 4925 5445 5691 5554 5523 5050 5213 5275 5408 5380 4941 4878 4912 4818 4693 4740 4765 4613 4436 4523 4703 4807 4860 4818 4832 4716 4985 4926 4864 4933 5050 5214 5232 5042 5035 4921 4748 4805 4931 4890 5235 4941 4624 4998 5122 4971 4995 5020 5022 5105 4974 4875 4778
5745 5745 5745 5745 5745 5745 5745 5745 5738 5727 5718 5708 5699 5688 5678 5669 5666 5666 5666 5611 5516 5472 4635 4576 5286 5453 5556 5456 5183 5201 5385 4598 4617 4446 4804 4755 4898 4905 5322 5111 4868 4835 5214 5601 6065 5902 5094 4702 4608 4824 4777 4588 4854 4878 4535 4512 4612 4523 4605 4879 4877 4675 4779 4846 4867 4968 5171 5145 5042 4801 4727 4668 4603 4622 4592 4673 5076 5399 4856 4701 5018 5279 5193 5122 5092 5256 5199 5026 4794
5745 5745 5745 5745 5745 5745 5745 5745 5745 5745 5745 5745 5745 5745 5745 5745 5738 5725 5736 5723 5253 4821 4264 4808 5048 5507 5341 4822 4990 5348 5505 5167 4349 4376 4346 4470 4556 4580 4639 4779 4828 5072 5247 5551 5842 5563 5207 4874 4701 4710 4868 4561 4591 4611 4449 4705 4749 4565 4492 4507 4629 4809 4627 4620 4662 4713 4990 5308 4920 4802 4681 4638 4563 4634 4589 4597 4900 5272 5268 5022 4886 5336 5318 5313 5207 5251 5450 5296 4908
5697 5697 5697 5697 5697 5697 5697 5697 5697 5697 5697 5697 5697 5697 5697 5697 5697 5697 5668 5326 4707 4386 4420 4506 5281 5575 4636 4578 4945 5084 5367 5652 4607 4510 4458 4322 4542 4707 4592 4682 4692 4942 5213 5313 5274 5212 5064 4779 4603 5185 4692 4557 4640 4868 4779 4463 4668 4739 4643 4514 4551 4666 4734 4602 4594 4543 4547 4703 4924 4729 4741 4875 4661 4603 4778 4798 4801 5063 5269 5268 4849 5036 5185 5274 5562 5495 5573 5535 5150
5697 5697 5697 5697 5697 5697 5697 5697 5697 5697 5697 5697 5697 5697 5697 5697 5668 5294 4704 4427 4095 4042 5071 5438 5617 4858 4422 4538 4566 4711 4942 5569 5102 4337 4698 4685 4792 4771 4817 5118 5026 5006 4864 4973 5074 5391 5006 4961 4627 4943 5101 4604 4640 4796 5002 4528 4450 4540 4689 4627 4508 4571 4624 4621 4599 4482 4486 4672 5096 4840 4830 4759 4768 4669 4681 4912 4903 5024 5235 5108 4839 5137 5349 5656 5600 5261 5212 5129 5102
5697 5697 5697 5697 5697 5697 5697 5697 5697 5697 5697 5697 5697 5697 5615 5110 4573 4342 4339 4285 4260 5185 5889 5688 5019 4800 4761 4449 4656 4612 4745 5274 5694 4407 4480 5409 5428 4869 4663 4941 4898 4879 4619 4689 5074 5185 4819 5027 4928 4653 4910 4835 4584 4419 4539 4770 4758 4551 4415 4462 4570 4641 4721 4796 4628 4551 4636 4773 4846 4692 4610 4606 4657 4743 4815 4759 4830 4789 4974 5107 4891 5108 5287 5356 5469 5194 5144 5142 5114
5697 5697 5697 5697 5697 5697 5697 5697 5697 5697 5697 5697 5343 4827 4379 4292 4177 4062 3942 3785 3647 4260 5312 4942 4981 4949 4732 4210 4430 4587 4605 5247 5860 4565 4386 5601 5269 5240 4853 5067 4885 4698 5185 4790 4655 4770 4939 4947 5381 4954 4751 4730 4665 4740 4436 4422 4573 4699 4548 4523 4610 4838 4854 4849 4724 4842 5024 5098 5102 4939 4760 4972 4834 4973 5052 4857 4754 4829 4829 4935 4938 5012 4871 4931 5021 4972 5266 5260 5424
5697 5697 5697 5697 5697 5697 5697 5638 5597 5550 5262 4759 4855 5091 5140 5087 5087 5087 5087 5087 5091 4436 3695 4347 4911 4701 4573 4308 4277 4396 4531 5099 5741 4920 4387 5288 5093 5338 4970 5271 4807 4535 4711 5127 4850 4636 5126 5204 5100 5146 5083 4800 4578 5023 4852 4517 4373 4376 4433 4565 4704 4783 4904 4751 4626 4796 4774 4875 4946 4795 4589 4720 4673 4788 5064 5030 4856 4950 5104 5073 4952 5026 4994 4826 4913 4970 4986 5100 5237
5379 5332 5285 5232 5191 5150 5109 5109 5109 5109 5109 5109 5109 5109 5183 5262 5347 5427 5499 5530 5533 5364 4246 4333 4822 4634 4396 4255 4296 4337 4472 4838 5722 5380 4469 4915 5522 5395 5100 5232 5009 4587 4570 4682 5041 4789 5169 5208 5111 4912 4909 4724 4600 4604 5259 5092 4797 4666 4501 4411 4463 4628 4936 4706 4525 4610 4688 4845 4811 4647 4526 4553 4610 4700 4845 5181 5166 4998 5070 4990 4925 4837 4971 4983 4832 4838 4901 5047 5028
5333 5291 5249 5208 5166 5124 5109 5109 5109 5109 5109 5109 5109 5109 5109 5109 5109 5109 5109 5118 5269 5285 4654 3923 4105 4198 4053 4326 4146 4279 4622 4804 5430 5446 4637 4788 5413 5601 5471 5432 5049 4774 4601 4739 4854 4920 4890 4993 5119 5205 4926 4726 4732 4485 4731 5289 5052 4952 4964 4673 4466 4667 4826 4590 4600 4623 4777 4920 4835 4671 4654 4664 4725 4685 4791 5108 5175 5112 5224 5021 4960 4903 4962 4942 4965 4985 5043 5010 5047
5490 5490 5490 5490 5490 5490 5463 5421 5379 5333 5291 5249 5204 5175 5156 5152 5152 5152 5152 5152 5124 5051 4959 4171 4524 4481 3914 4198 4106 4232 4445 4669 5322 5094 5151 4619 5034 5745 5418 5222 5087 4785 4730 4864 5025 4909 5270 5196 5109 4885 4818 4735 4839 4709 4477 4575 4816 5021 4992 4769 4518 4592 4725 4621 4669 4981 4890 4731 4824 4847 4806 4838 4808 4683 4742 4847 4886 4918 5061 5261 5296 5164 5061 4991 4929 5051 4968 4921 4967
5490 5490 5490 5490 5490 5490 5490 5490 5490 5490 5490 5490 5490 5490 5490 5475 5453 5436 5414 5398 5265 4928 4633 4669 4873 4653 4170 3948 4170 4157 4155 4502 5506 5450 5033 4500 4833 5589 5645 5126 4910 4849 4874 5019 5246 4927 4927 4910 5093 4745 4655 4740 4782 5062 4959 4689 4812 5081 5044 4933 4848 4860 5254 4900 4626 4769 4749 4455 4505 4710 4808 4759 4755 4687 4829 4952 4965 4927 4911 5068 5196 5222 5013 5030 4954 5138 5193 4926 4983
5490 5490 5490 5490 5490 5490 5490 5490 5490 5490 5490 5490 5490 5490 5490 5490 5490 5490 5490 5488 5401 5181 5230 5011 5056 4750 4485 3927 3963 3943 4004 4407 5217 5412 5083 4554 4779 5532 5712 5440 5152 5052 5002 4950 4990 5002 4971 4975 5268 4773 4684 4617 4647 4874 4916 5168 4977 4986 5013 5130 5109 5144 5488 5073 4943 5033 4765 4618 4383 4417 4523 4578 4564 4636 4935 5091 5020 5034 4950 5004 5090 5191 5034 4993 4969 5064 5217 4998 5085
5490 5490 5490 5490 5490 5490 5490 5490 5490 5490 5490 5490 5490 5490 5490 5490 5489 5486 5480 5461 5388 5272 5147 4770 5094 5088 4714 4252 4133 3857 3939 4190 4786 5550 5262 4747 4741 5312 5639 5634 5254 5064 5030 4886 5145 5374 5013 5065 5137 4820 4846 4827 4692 4672 4810 5138 5345 5094 5218 5286 4961 5282 5612 5151 4980 4658 4934 5030 4674 4460 4495 4468 4626 4680 4688 5053 5226 5079 5015 5109 5160 5283 5133 5044 5144 5125 5217 5248 5160
5490 5490 5490 5490 5490 5490 5490 5490 5490 5490 5490 5490 5490 5489 5486 5480 5475 5474 5432 5319 5257 5309 4810 4973 5360 5286 4871 4616 4501 4263 4040 4128 4660 5160 5486 4908 4678 4859 5312 5670 5446 5197 5361 4993 5202 5414 5073 5190 5093 4952 5084 4858 4780 4965 5027 5251 5560 5165 5116 5187 4935 5218 5412 5271 5095 4459 4562 4952 4893 4797 4639 4647 4571 4522 4458 4554 4874 5171 5122 5238 5286 5125 5126 5053 5161 5100 4986 5034 5066
5490 5490 5490 5490 5490 5490 5490 5490 5490 5490 5489 5486 5480 5475 5474 5474 5472 5330 5015 4838 4701 4479 4438 4906 5373 5434 5379 4871 4652 4457 4218 4040 4500 5039 5213 5166 4769 4991 5303 5656 5482 5359 5376 5011 5136 5352 5224 5106 4987 4965 4961 4869 5154 5271 4990 5635 5605 5341 5131 5289 4888 4859 4961 5061 5043 4665 4392 4979 4838 4649 4886 4846 4869 4743 4617 4472 4434 4544 4758 4988 4848 4619 4773 4954 4988 4968 4839 5014 5119
5490 5490 5490 5490 5490 5490 5490 5489 5486 5480 5475 5474 5474 5474 5456 5370 5275 5203 5203 5208 5227 5276 5582 5425 5296 5655 5664 5154 4941 4715 4379 4215 4339 4829 5456 5266 4854 5115 5216 5382 5589 5407 5323 5116 5253 5394 5603 5241 5181 4959 5072 5434 5145 5011 4966 5174 5266 5321 5413 5058 4798 4750 4766 4913 5290 5104 4630 4735 4922 4680 4579 4526 4730 5003 4981 4658 4416 4396 4434 4471 4451 4540 4997 5105 4868 4965 4990 4981 4908
5490 5490 5490 5490 5489 5486 5480 5475 5474 5474 5474 5468 5393 5301 5226 5225 5244 5264 5284 5299 5300 5428 5737 5941 5689 5900 6096 5675 5373 5021 4567 4412 4275 4519 4954 5134 4982 4705 5277 5429 5542 5536 5230 5471 5192 5481 5407 5366 5263 5269 5365 5618 5327 4852 4947 4889 5092 5012 5042 5054 4920 4829 4843 5002 5515 5862 5163 4883 5162 5075 4670 4622 4685 4698 5075 4890 4625 4490 4503 4477 4601 4751 4764 4943 4762 4828 4774 4687 4856
5490 5489 5486 5480 5475 5474 5474 5474 5474 5415 5324 5243 5244 5264 5284 5299 5300 5300 5300 5300 5307 5650 6045 5960 5808 6106 6188 6146 5723 5204 4650 4511 4415 4373 4536 4949 4812 4538 4734 5249 5460 5623 5395 5648 5528 5267 5252 5481 5451 5600 5360 5253 5082 4871 4855 5163 4966 4830 4799 4783 4862 4916 4981 5261 5840 5387 4818 4903 5028 4751 4854 5157 4850 4660 4764 4841 4837 4693 4763 4589 4629 4746 4779 4821 4857 4876 4831 4730 4619
5480 5475 5474 5474 5474 5474 5438 5352 5280 5264 5284 5299 5300 5300 5300 5300 5300 5300 5300 5300 5480 5952 6104 5960 5825 6229 6273 6012 5487 4963 4832 4678 4573 4574 4445 4561 4517 4437 4534 4723 5308 5614 5542 5517 5734 5394 5282 5490 5374 5365 5410 5254 4910 4875 4915 5275 5134 4906 4741 4715 4710 4901 5257 5903 5821 4868 5030 5427 5184 4937 4997 4994 4999 4941 4746 4884 4870 4951 4832 4694 4668 4815 4844 4931 5063 5243 5172 4841 4659
5474 5474 5474 5461 5393 5322 5284 5299 5300 5300 5300 5300 5300 5300 5300 5300 5300 5300 5300 5342 5819 6104 6104 5960 5986 6278 6074 5223 4885 5183 4950 4896 4760 4530 4635 4769 4667 4780 4685 4641 4850 5408 5651 5597 5651 5628 5521 5501 5334 5369 5340 5201 4910 5057 5214 4921 4825 4766 4772 4821 4773 4713 5307 5891 5482 4821 5125 5527 4773 5074 5126 5048 5034 5075 5052 5078 4899 4889 4913 4796 4824 4857 4781 4820 4921 4988 5032 5055 4884
5468 5413 5353 5303 5300 5300 5300 5300 5300 5300 5300 5300 5300 5300 5300 5300 5300 5300 5300 5615 6082 6104 6104 5960 6195 6189 5254 5123 5052 5197 4706 5165 4917 4660 4720 4695 4594 4797 4815 4630 4760 4934 5357 5540 5639 5598 5506 5500 5426 5467 5256 5465 5427 5238 5352 4947 4790 4762 4767 4847 5057 5106 4936 5542 5313 4745 5222 5033 4603 4894 4756 4877 4817 4945 4925 5100 5053 5374 5371 5008 5009 5223 4998 5066 4963 4922 4924 4960 4924
5308 5300 5300 5300 5300 5300 5300 5300 5300 5300 5300 5300 5300 5300 5300 5300 5300 5300 5411 6019 6104 6104 6104 6048 6242 5299 4521 4080 4215 4514 4453 4812 5128 4849 4705 4641 4670 4712 4866 4648 4732 4629 4747 5194 5391 5461 5597 5472 5423 5605 5442 5233 5745 5414 5180 5049 4900 4832 4874 4840 4920 5137 5142 4950 5174 4524 4603 4510 4448 4475 4510 4620 4692 4841 4921 5201 5152 5446 5580 5328 5304 5227 5372 5235 5219 5122 5084 5026 4900
5300 5300 5300 5300 5300 5300 5300 5300 5300 5300 5300 5300 5300 5300 5300 5300 5300 5307 5857 6104 6104 6104 6104 6152 5357 4755 4985 5218 5361 5503 5138 5292 5173 5063 4838 4729 4628 4612 4705 4891 5008 4601 4624 4766 5175 5266 5351 5471 5348 5314 5313 5152 5683 5741 5221 5345 4970 4912 5045 4993 5097 5091 4770 4762 5297 4904 4809 4658 4433 4429 4466 4808 4920 4852 4983 5164 5263 5502 5445 5443 5402 5414 5229 5150 5182 5252 5256 5051 4824
5300 5300 5300 5300 5300 5300 5300 5300 5300 5300 5300 5300 5300 5300 5300 5300 5300 5597 6099 6104 6104 6104 6062 5568 5405 5405 5405 5405 5505 5796 5340 5542 5514 5303 5027 5041 4739 4749 4721 4746 4845 4605 4651 4642 4800 5083 5046 5352 5523 5470 5257 5189 5498 5832 5546 5477 5134 5078 5181 5239 5320 4951 5014 5072 5377 5319 4986 4579 4466 4505 4475 4626 4621 4745 4767 5080 5308 5069 5327 5344 5490 5429 5278 5166 5227 5269 5298 5060 4799
